Date	Parasitoid_Origin	Hour_treatment	Sugar_treatment	Code	Glucose	Fructose	Sucrose	Maltose	Erlose	Melezitose	Stachyose	GF_Ratio	H_Ratio	TotSug	Type	Tmt.12
13/12/2017	Sa	0h	Unfed	1a	27,24506484	1,369992201	0,997741137	2,096666559	0	0,163266272	0,270022446	0,95212338	0,070309248	32,14275345	Parasitoid	Unfed
13/12/2017	Sa	0h	Unfed	2a	15,41343263	1,611692472	0,755351044	0,3383528	0	0,103335423	0	0,905334471	0,024239065	18,22216437	Parasitoid	Unfed
13/12/2017	Sa	0h	Unfed	3a	16,86159719	1,371461256	0,575430341	0,49357723	0	0,171392225	0	0,924781612	0,034147476	19,47345824	Parasitoid	Unfed
13/12/2017	Sa	0h	Unfed	4a	14,26334459	1,746215569	0,747067989	0	0	0,112736372	0	0,890926699	0,006682906	16,86936452	Parasitoid	Unfed
13/12/2017	Sa	0h	Unfed	5a	13,32599196	0,911723753	0,03640735	0	0	0,058281676	0	0,935964183	0,004066427	14,33240474	Parasitoid	Unfed
13/12/2017	Ap	0h	ApH	6a	17,22535451	5,73321952	0,358072267	1,138050969	0	0	0	0,750279808	0,046537111	24,45469726	Parasitoid	Honeydew
13/12/2017	Ap	0h	ApH	7a	28,00397864	5,771843203	1,107292551	2,418087311	1,07346145	0,057758254	0,319257092	0,829113168	0,091591052	38,7516785	Parasitoid	Honeydew
13/12/2017	Ap	0h	ApH	8a	27,71817491	20,34247271	4,544849535	4,777208039	6,96193717	0,063789228	0,374122984	0,576733279	0,1821931	64,78255458	Parasitoid	Honeydew
13/12/2017	Ap	0h	SaH	9a	24,12483743	28,35623395	17,62063108	3,341746066	8,409444449	0	0	0,459686451	0,143564755	81,85289297	Parasitoid	Honeydew
13/12/2017	Ap	0h	SaH	10a	29,71453529	3,516707749	0,610149744	1,225080689	0	0,221254061	0,356536787	0,894174655	0,040576928	35,64426432	Parasitoid	Honeydew
13/12/2017	Ap	0h	SaH	11a	3,497004982	1,58094744	0,090804368	0,247535248	0,426463247	0	0	0,688664385	0,115356277	5,842755285	Parasitoid	Honeydew
13/12/2017	Ap	0h	VfN	12a	41,69001996	23,48383259	1,675951317	2,23332934	0	0,061675245	0,33127964	0,639674015	0,033033014	69,47608809	Parasitoid	Nectar
13/12/2017	Ap	0h	VfN	13a	107,3464238	64,61402026	14,42918873	0,673117668	0	0,294745593	0,193417926	0,624250678	0,005160536	187,550914	Parasitoid	Nectar
13/12/2017	Ap	0h	VfN	14a	62,77288997	28,57638354	3,409494303	1,229322574	0	0,120427253	0,55030477	0,687174485	0,013964062	96,65882241	Parasitoid	Nectar
13/12/2017	Ap	0h	Unfed	17a	16,89506248	1,443433131	0,097872185	0	0	0	0	0,921289447	0	18,4363678	Parasitoid	Unfed
14/12/2017	Ap	0h	ApH	18a	15,61136735	10,11151236	11,25679918	1,312174089	2,889986702	0,25853493	0	0,606905896	0,107641298	41,44037461	Parasitoid	Honeydew
14/12/2017	Ap	0h	ApH	19a	30,6565865	9,875653454	5,934621732	1,965985505	1,036972099	0,259632868	0,149419098	0,756350661	0,065410271	49,87887126	Parasitoid	Honeydew
14/12/2017	Ap	0h	SaH	20a	18,56749369	1,789061518	0,495289952	1,047931746	0	0,090376053	0	0,912113739	0,051764433	21,99015296	Parasitoid	Honeydew
14/12/2017	Ap	0h	SaH	21a	13,8091511	1,486522544	0,124491925	0,459566207	0	0,070328746	0	0,902814183	0,033222128	15,95006052	Parasitoid	Honeydew
14/12/2017	Ap	0h	VfN	22a	72,81518212	48,0086556	6,169905291	1,731066909	0	0	0,968556018	0,602655763	0,013347382	129,6933659	Parasitoid	Nectar
14/12/2017	Ap	0h	VfN	23a	75,61843611	44,77209486	5,73133447	2,302520705	0	0	0,857968247	0,628109499	0,017810015	129,2823544	Parasitoid	Nectar
14/12/2017	Ap	0h	Unfed	24a	15,32084431	1,725809227	0,037866904	0	0	0,206840494	0	0,898759647	0,011962071	17,29136093	Parasitoid	Unfed
14/12/2017	Ap	0h	Unfed	25a	24,43006426	1,218203979	0,611354403	2,535360836	0	0,039756542	0,171796598	0,952503461	0,088777141	29,00653662	Parasitoid	Unfed
14/12/2017	Sa	0h	Unfed	26a	25,94096618	5,956945846	0,778823097	3,056805788	0	0	0,39671951	0,813249662	0,084605141	36,13026042	Parasitoid	Unfed
14/12/2017	Sa	0h	Unfed	27a	19,93949939	2,101347594	0,486980547	1,119619016	0	0	0,283124765	0,904661214	0,046786138	23,93057131	Parasitoid	Unfed
14/12/2017	Sa	0h	VfN	28a	64,735695	35,85239149	4,464256044	0	0	0	0	0,643572189	0	105,0523425	Parasitoid	Nectar
14/12/2017	Sa	0h	VfN	29a	40,08646109	11,55424461	0,370592403	1,735749368	0	0	0,334448161	0,776257035	0,03209507	54,08149563	Parasitoid	Nectar
14/12/2017	Sa	0h	VfN	30a	62,32119271	41,3495072	6,765209628	0,907242618	0	0	0,691423039	0,601145673	0,008097881	112,0345752	Parasitoid	Nectar
14/12/2017	Sa	0h	VfN	31a	84,02170816	61,85545325	25,25382806	1,286614005	0	0	0,452773369	0,575975755	0,007442652	172,8703768	Parasitoid	Nectar
14/12/2017	Sa	0h	SaH	32a	19,75310541	2,493190985	0,223106098	0,863461751	0	0	0	0,887927818	0,037006248	23,33286425	Parasitoid	Honeydew
14/12/2017	Sa	0h	SaH	33a	24,12822981	2,106509297	0,947255282	1,470586794	0	0	0	0,919705346	0,051324758	28,65258118	Parasitoid	Honeydew
14/12/2017	Sa	0h	SaH	34a	15,33269425	1,493371977	0,549014102	0,090545892	0	0,212780319	0	0,911246517	0,017158006	17,67840654	Parasitoid	Honeydew
14/12/2017	Sa	0h	SaH	35a	33,36360026	19,8316888	3,11002208	3,813617642	6,318225063	0	0,671980771	0,627190882	0,150975613	67,10913462	Parasitoid	Honeydew
14/12/2017	Sa	0h	ApH	36a	35,12751128	8,966557206	1,657956022	0,562577658	0	0	0,309339491	0,796649356	0,012066283	46,62394166	Parasitoid	Honeydew
14/12/2017	Sa	0h	ApH	37a	27,49179508	6,704039253	2,570859026	2,408156921	0	0	0	0,803951581	0,061472013	39,17485028	Parasitoid	Honeydew
14/12/2017	Sa	0h	ApH	38a	5,014441079	1,495177383	0,205933523	0	0	0	0	0,770312593	0	6,715551986	Parasitoid	Honeydew
14/12/2017	Sa	0h	ApH	39a	16,83739744	1,914758528	0,062772632	0,397387692	0	0,093452987	0	0,897891286	0,025424559	19,30576928	Parasitoid	Honeydew
15/12/2017	Sa	0h	SaH	45a	1,070970593	0,818160149	0,587093682	0	0	0	0	0,566911844	0	2,476224424	Parasitoid	Honeydew
15/12/2017	Sa	0h	VfN	47a	34,91765955	11,00648214	0,322365645	2,072875164	0	0	0	0,760333416	0,042899455	48,31938249	Parasitoid	Nectar
15/12/2017	Sa	0h	Unfed	48a	25,9175268	1,730791246	0,29091498	0,80823916	0	0	0	0,937399764	0,028115138	28,74747219	Parasitoid	Unfed
15/12/2017	Sa	0h	Unfed	49a	25,78130548	3,728657521	0,07355953	0,61006329	0	0	0	0,873647503	0,020205063	30,19358582	Parasitoid	Unfed
15/12/2017	Sa	0h	Unfed	50a	4,776972283	0,858666003	0,190151164	0,520060401	0	0	0	0,847636424	0,081952837	6,34584985	Parasitoid	Unfed
15/12/2017	Ap	0h	Unfed	51a	16,79798643	1,289965995	0,200137017	1,289027833	0	0	0	0,928683691	0,065843598	19,57711727	Parasitoid	Unfed
15/12/2017	Ap	0h	Unfed	52a	13,46235832	1,862405942	0,144380202	0,455581505	0	0,05377094	0	0,878470826	0,031877369	15,97849691	Parasitoid	Unfed
15/12/2017	Ap	0h	Unfed	53a	21,50258882	0	0,687055851	0,384830928	0	0,064306114	0	1	0,019839276	22,63878171	Parasitoid	Unfed
07/08/2018	Sa	0h	Unfed	59a	6,443653284	0,859729473	0	0	0,116091671	0	0,70605015	0,882283388	0,014287283	8,125524578	Parasitoid	Unfed
07/08/2018	Sa	0h	Unfed	60a	3,475258747	0,818542203	0	0	0	0	0,402077495	0,809366523	0	4,695878445	Parasitoid	Unfed
07/08/2018	Sa	0h	Unfed	61a	34,19949593	1,341806419	0,687923532	0,365787297	0,114725887	0	0,517234172	0,96224656	0,012907662	37,22697324	Parasitoid	Unfed
07/08/2018	Sa	0h	AfH	62a	20,68859924	7,963653181	2,123769324	0,730587314	0,598423675	16,5834732	5,880975992	0,72205839	0,328250948	54,56948192	Parasitoid	Honeydew
07/08/2018	Sa	0h	AfH	63a	73,13160725	16,38788897	4,971745266	7,03152559	1,261057055	21,18764056	16,92786789	0,816934973	0,209228977	140,8993326	Parasitoid	Honeydew
07/08/2018	Sa	0h	AfH	64a	26,18126041	10,51215042	0	0,50591293	0	0,50005834	0,032061728	0,713513947	0,026661351	37,73144383	Parasitoid	Honeydew
07/08/2018	Sa	0h	AfH	65a	1,889369107	0,5511236	0,507014245	0	0	0	0	0,774175273	0	2,947506951	Parasitoid	Honeydew
07/08/2018	Sa	0h	AfH	66a	1,559947052	0,426617279	0	0	0	0	0,14137686	0,785248697	0	2,127941191	Parasitoid	Honeydew
07/08/2018	Ap	0h	AfH	67a	72,39682183	35,59912435	2,146450232	0,983897315	0,222550969	14,52083285	2,084010661	0,670366105	0,122913855	127,9536882	Parasitoid	Honeydew
07/08/2018	Ap	0h	AfH	68a	42,84303598	0,895393358	0,586433469	1,90661255	0,108385457	0,117032013	0,190003863	0,979528452	0,04570572	46,64689669	Parasitoid	Honeydew
07/08/2018	Ap	0h	AfH	69a	25,6838891	13,30574827	2,14383825	6,561294018	3,369638365	43,93847671	3,68408944	0,658736291	0,545861392	98,68697416	Parasitoid	Honeydew
08/08/2018	Ap	0h	AfH	70a	16,09369283	6,903193708	0,31479377	0	0,090180241	0,855976945	0,497652794	0,699820508	0,038220095	24,75549029	Parasitoid	Honeydew
08/08/2018	Ap	0h	AfH	71a	44,22735185	28,78221462	3,688512725	0	0,567585113	20,22808528	5,03451432	0,60577475	0,20282866	102,5282639	Parasitoid	Honeydew
18/12/2017	Ap	48h	ApH	1	2,092848135	0,539657862	0,91070624	0,013374358	0	0,027797005	0	0,795002229	0,011486316	3,5843836	Parasitoid	Unfed
20/12/2017	Ap	48h	ApH	2	2,607092061	0,31158881	0,325204647	0	0	0,004752196	0,002940247	0,893243275	0,001461504	3,25157796	Parasitoid	Unfed
20/12/2017	Ap	48h	SaH	4	8,264955047	0,97096491	0,26750853	0	0	0,002874112	0,01063498	0,894870796	0,000302	9,516937579	Parasitoid	Unfed
18/12/2017	Ap	48h	VfN	5	2,414262297	0,362139715	0,474509839	0	0	0,007094973	5,12E-05	0,869565101	0,002177669	3,258058031	Parasitoid	Unfed
18/12/2017	Ap	48h	VfN	6	2,741616979	0,790429931	0,778036024	0	0	0,011705105	0,022351585	0,776211939	0,002694459	4,344139625	Parasitoid	Unfed
20/12/2017	Ap	48h	VfN	7	5,381040182	0,865629604	0,29933108	0	0	0,006216086	0,047048708	0,861425426	0,000941936	6,599265659	Parasitoid	Unfed
18/12/2017	Ap	48h	Unfed	8	2,426466618	0,637744553	0,41420114	0	0	0,001369577	0,016180441	0,791873171	0,00039176	3,495962329	Parasitoid	Unfed
20/12/2017	Ap	48h	Unfed	9	8,629346949	0,69215421	0,275795672	0	0	0,001890016	0,015748762	0,925746487	0,000196571	9,614935609	Parasitoid	Unfed
20/12/2017	Ap	48h	Unfed	10	9,509894815	0,911206152	0,0490366	0	0	0,001313495	0,009719942	0,912561431	0,000125319	10,481171	Parasitoid	Unfed
18/12/2017	Sa	48h	ApH	11	5,005251936	1,30825805	0,813474167	0	0	0,00746416	0,031918707	0,792784354	0,001041554	7,16636702	Parasitoid	Unfed
18/12/2017	Sa	48h	VfN	12	3,293520087	0,437514576	0,903474509	0	0	0,013301772	0	0,882736395	0,002861943	4,647810945	Parasitoid	Unfed
20/12/2017	Sa	48h	VfN	13	45,81995149	15,9979479	1,84957755	1,525591878	0	0	0,004590313	0,741208484	0,023399489	65,19765913	Parasitoid	Unfed
18/12/2017	Sa	48h	Unfed	14	1,683869515	0,490671564	0,835064736	0	0	0,04554084	0,028256831	0,774356268	0,014769666	3,083403486	Parasitoid	Unfed
18/12/2017	Sa	48h	Unfed	15	2,306024398	0,705486825	0,22263276	0	0	0,008764734	0,024666522	0,765736611	0,002682336	3,267575238	Parasitoid	Unfed
20/12/2017	Ap	24h	ApH	16	5,106361984	0,740234108	0,629333238	0	0	0,008613942	0,003472637	0,873390585	0,00132767	6,488015909	Parasitoid	Unfed
21/12/2017	Ap	24h	ApH	17	16,95188689	1,235053986	0,901075572	0,148394576	0	0,005365438	0,021020412	0,932091164	0,007982227	19,26279687	Parasitoid	Unfed
21/12/2017	Ap	24h	ApH	18	29,15351089	1,325949757	0,795532901	1,003296486	0	0,021112924	0,04700516	0,956496942	0,031669959	32,34640811	Parasitoid	Unfed
20/12/2017	Ap	24h	SaH	19	3,973100543	0,362029272	0,505787047	0	0	0,007895882	0	0,916489405	0,001628415	4,848812743	Parasitoid	Unfed
21/12/2017	Ap	24h	SaH	20	18,68906168	0,819100039	0,251884831	0,157783201	0	0,004479753	0,039995003	0,958012444	0,008128468	19,96230451	Parasitoid	Unfed
21/12/2017	Ap	24h	SaH	21	23,56125996	0,998267401	0,519545193	0,227905251	0	0,002877494	0,020649923	0,959353151	0,009110862	25,33050522	Parasitoid	Unfed
20/12/2017	Ap	24h	VfN	22	45,42524458	2,632472378	0,783356996	1,342812941	0	0,004954401	0	0,945222692	0,026853924	50,1888413	Parasitoid	Unfed
21/12/2017	Ap	24h	VfN	23	33,15118844	4,537629399	0,766053071	0,48077722	0	0,019895028	0,006822032	0,879602767	0,01285015	38,96236519	Parasitoid	Unfed
21/12/2017	Ap	24h	Unfed	24	16,39312508	1,018091094	0,281671152	0	0	0,053354223	0,031571843	0,94152671	0,003001169	17,77781339	Parasitoid	Unfed
21/12/2017	Sa	24h	ApH	25	2,597499367	0,365880369	0,868226665	0	0	0,012363592	0,051970036	0,876532743	0,003173455	3,895940029	Parasitoid	Unfed
21/12/2017	Sa	24h	ApH	26	6,718905716	0,277891502	0,032962983	0,078037904	0	0	0,016216599	0,960283042	0,010954203	7,124014705	Parasitoid	Unfed
21/12/2017	Sa	24h	SaH	27	1,96167355	0,277074709	0,478912591	0	0	0,011460173	0,046665698	0,876236773	0,004128622	2,775786721	Parasitoid	Unfed
21/12/2017	Sa	24h	SaH	28	1,772094425	0,299954005	0,726577401	0,00440658	0	0,007203983	0,007889538	0,855237937	0,004119959	2,818125931	Parasitoid	Unfed
20/12/2017	Sa	24h	VfN	29	1,878734662	0,397917675	0,781267652	0,058487341	0	0	0,013210389	0,825218076	0,018688334	3,129617719	Parasitoid	Unfed
21/12/2017	Sa	24h	VfN	30	33,54664741	5,953430788	2,046365131	0,326138495	0	0,007224477	0,012254374	0,849280532	0,007957665	41,89206067	Parasitoid	Unfed
20/12/2017	Sa	24h	Unfed	31	2,271039823	2,053600154	1,007858936	0	0	0,005420058	0	0,525139627	0,001015388	5,337918971	Parasitoid	Unfed
21/12/2017	Sa	24h	Unfed	32	3,841429903	0,427393664	0,430669631	0	0	0,001239525	0,029875517	0,899880223	0,000262022	4,730608241	Parasitoid	Unfed
21/12/2017	Sa	24h	Unfed	33	2,88209252	0,450080217	0,76815549	0	0	0,005228601	0,055663514	0,864928906	0,001256507	4,161220342	Parasitoid	Unfed
22/12/2017	Ap	1h	ApH	34	12,59794179	0,50438683	0,207569172	0,455069508	0	0,003914291	0,003241943	0,961504031	0,033327017	13,77212353	Parasitoid	Honeydew
22/12/2017	Ap	1h	ApH	35	20,60510272	2,772047032	0,741207838	0,158733216	0	0	0,022938485	0,881420658	0,006532223	24,30002929	Parasitoid	Honeydew
22/12/2017	Ap	1h	ApH	36	20,9031441	0,911017619	0,484332972	0,364277321	0	0,001833588	0,044195158	0,958237331	0,016121983	22,70880076	Parasitoid	Honeydew
22/12/2017	Ap	1h	SaH	37	9,818321964	0,631649368	0,479150387	0	0	0,003081795	0,014011778	0,939554919	0,00028154	10,94621529	Parasitoid	Honeydew
22/12/2017	Ap	1h	SaH	38	13,85687779	0,491504568	0,175671388	0,348927732	0	0,002031354	0,013051149	0,965744949	0,023573185	14,88806398	Parasitoid	Honeydew
22/12/2017	Ap	1h	SaH	39	28,024637	1,237827164	0,591840934	0,072956186	0	0,003961448	0,030874115	0,957699148	0,002567165	29,96209684	Parasitoid	Honeydew
22/12/2017	Ap	1h	VfN	40	74,60269883	49,51535282	1,01835562	2,455835448	0	0	0	0,601062439	0,019247529	127,5922427	Parasitoid	Nectar
22/12/2017	Ap	1h	VfN	41	51,31993486	24,51900001	0,584865095	2,242494824	0	0	0	0,676696409	0,028506425	78,66629478	Parasitoid	Nectar
22/12/2017	Ap	1h	VfN	42	43,25008247	8,764994821	1,321113864	0,547802321	0	0,017268692	0,050066161	0,831491266	0,010473718	53,95132833	Parasitoid	Nectar
22/12/2017	Ap	1h	Unfed	43	17,00819264	1,295934191	0,381501668	0	0	0,00073142	0,013361702	0,92919989	3,91E-05	18,69972163	Parasitoid	Unfed
22/12/2017	Ap	1h	Unfed	44	17,70511789	0,647701906	0,236555735	0,610735108	0	0,013124008	0,030133846	0,964708317	0,032419434	19,2433685	Parasitoid	Unfed
22/12/2017	Ap	1h	Unfed	45	7,950604916	0,616340613	0,067579281	0	0	0,028544602	0,04059444	0,928055967	0,003279608	8,703663852	Parasitoid	Unfed
21/12/2017	Sa	1h	ApH	46	12,41484597	1,315076425	0,739660641	0	0	0,003578943	0	0,904218219	0,000247281	14,47316198	Parasitoid	Honeydew
22/12/2017	Sa	1h	ApH	47	43,09186445	19,10929117	5,1380821	3,039757148	5,583249965	0	0	0,692782377	0,113517013	75,96224484	Parasitoid	Honeydew
22/12/2017	Sa	1h	ApH	48	31,12598251	3,478092993	0,787970216	0	0	0,024388593	0	0,89948892	0,000688624	35,41643431	Parasitoid	Honeydew
21/12/2017	Sa	1h	SaH	49	10,81096424	0,69526837	0,455550619	0	0	0,005848533	0	0,939574629	0,000488696	11,96763176	Parasitoid	Honeydew
21/12/2017	Sa	1h	SaH	50	9,002516598	1,014027102	0,778785487	0	0	0,074156922	0	0,89876477	0,006822486	10,86948611	Parasitoid	Honeydew
21/12/2017	Sa	1h	SaH	51	19,05042056	4,474611793	1,026162974	0,637598301	0	0,058767213	0	0,809793597	0,027581497	25,24756084	Parasitoid	Honeydew
22/12/2017	Sa	1h	SaH	52	9,322123287	0,998175363	0,348621811	0	0	0,069126542	0,045353994	0,90328038	0,006410458	10,783401	Parasitoid	Honeydew
21/12/2017	Sa	1h	VfN	53	41,58751593	14,96412573	0,81141902	0,588860975	0	0,129556947	0,035854024	0,735390074	0,012361509	58,11733262	Parasitoid	Nectar
21/12/2017	Sa	1h	VfN	54	36,66895744	11,76401848	0,981304505	1,07893153	0	0,039587219	0,275105178	0,757107255	0,02201466	50,80790435	Parasitoid	Nectar
21/12/2017	Sa	1h	VfN	55	65,02603136	40,35986168	7,556596699	0,505487064	0	0,046629618	0,823632517	0,617027853	0,004829646	114,3182389	Parasitoid	Nectar
22/12/2017	Sa	1h	VfN	56	24,94639061	9,577279702	0,560398072	0,071092832	0	0,063340371	0,030122887	0,722588021	0,003813857	35,24862448	Parasitoid	Nectar
21/12/2017	Sa	1h	Unfed	57	20,1141255	1,700025328	0,580996562	0,169853648	0	0,039898322	0,105486733	0,922067774	0,009235949	22,71038609	Parasitoid	Unfed
21/12/2017	Sa	1h	Unfed	58	6,558273481	0,819535816	0,267498304	0	0	0,048020207	0,093368706	0,888918813	0,006166955	7,786696513	Parasitoid	Unfed
08/01/2017	Ap	0h	ApH	59	18,67555552	6,284689347	3,3992945	1,611780259	0	0,148038334	0,023618356	0,748212032	0,058382377	30,14297632	Parasitoid	Honeydew
08/01/2017	Ap	0h	SaH	60	22,10062054	10,19235296	3,37929222	0,575855031	3,95087111	0,311145683	0,035911418	0,684378617	0,119317959	40,54604897	Parasitoid	Honeydew
08/01/2017	Ap	0h	VfN	61	40,31846657	10,81663029	0,62329406	1,333830893	0	0,049544721	0	0,788469545	0,026031796	53,14176653	Parasitoid	Nectar
08/01/2017	Ap	0h	Unfed	62	21,22906924	1,176565643	0,492662196	1,121457109	0	0,087866948	0,092594443	0,947487958	0,049971623	24,20021558	Parasitoid	Unfed
08/01/2017	Ap	0h	Unfed	63	13,5791399	0,418607033	0,219676075	0	0	0,034740737	0	0,970094685	0,002437576	14,25216375	Parasitoid	Unfed
22/12/2017	Sa	0h	ApH	64	28,04182919	10,49945586	7,310161852	0,865536344	0	0,212450666	0,226727914	0,727578988	0,02285994	47,15616183	Parasitoid	Honeydew
22/12/2017	Sa	0h	ApH	65	51,76086406	11,19986546	2,126898418	5,694501067	3,067935787	0,011166944	0	0,822113474	0,118784965	73,86123174	Parasitoid	Honeydew
22/12/2017	Sa	0h	ApH	66	23,66729119	0,525330991	0,427101773	0,14603037	0	0,100306728	0,032612103	0,978285488	0,009893583	24,89867316	Parasitoid	Honeydew
22/12/2017	Sa	0h	SaH	67	19,38292153	1,2297627	0,464775657	0,135689422	0	0,092901091	0,056056905	0,940339517	0,010700747	21,3621073	Parasitoid	Honeydew
22/12/2017	Sa	0h	SaH	68	26,97355741	10,33902306	3,135418834	1,073548465	3,61905599	0,327335679	0,131185158	0,722907852	0,11008852	45,59912459	Parasitoid	Honeydew
22/12/2017	Sa	0h	SaH	69	33,94552075	1,528274778	0,860540688	0,255858812	0	0,081841538	0,215253769	0,956918205	0,009154924	36,88729033	Parasitoid	Honeydew
22/12/2017	Sa	0h	VfN	70	31,16241641	11,6064123	2,278255515	0,323435843	0	0,339065163	0,765498398	0,728624499	0,014254972	46,47508363	Parasitoid	Nectar
22/12/2017	Sa	0h	VfN	71	40,9106404	6,849149401	1,145310418	0,628321378	0	0,02094463	0,443579767	0,856591718	0,012985854	49,99794599	Parasitoid	Nectar
22/12/2017	Sa	0h	VfN	72	104,8572412	63,13844633	2,119378381	2,442255435	0	0	0,505197398	0,624166267	0,014111984	173,0625187	Parasitoid	Nectar
22/12/2017	Sa	0h	Unfed	73	16,7587322	2,193266714	0,861291627	0,294582439	0	0,065434183	0,047861779	0,884272539	0,017803947	20,22116894	Parasitoid	Unfed
22/12/2017	Sa	0h	Unfed	74	7,199138907	0,116390448	9,406672678	0	0	0,506724245	0,055127101	0,984089949	0,029317443	17,28405338	Parasitoid	Unfed
22/12/2017	Sa	0h	Unfed	75	31,12964234	1,606207047	0,997847523	0,854781851	0	0,034261007	0,023987968	0,95093431	0,025660226	34,64672774	Parasitoid	Unfed
10/01/2018	Ap	48h	ApH	76	1,915740077	0,254596539	0,31520759	0	0	0,084773558	0	0,882692603	0,032981742	2,570317764	Parasitoid	Unfed
08/01/2018	Ap	48h	SaH	77	2,724779695	0,185986889	0,572722436	0	0	0,01886883	0,000686787	0,936103812	0,005386409	3,503044637	Parasitoid	Unfed
10/01/2018	Ap	48h	SaH	78	3,999350041	0,578699877	0,350956416	0	0	0,011607825	0,020320234	0,873592493	0,002339847	4,960934393	Parasitoid	Unfed
12/01/2018	Ap	48h	SaH	79	11,78138469	0,922873396	0,623027464	0,028441292	0	0,004081303	0,027137213	0,927357159	0,002429426	13,38694536	Parasitoid	Unfed
08/01/2018	Ap	48h	Unfed	80	1,430513345	0,257590497	1,306261155	0	0	0,032647283	0,002607248	0,847408382	0,010776034	3,029619528	Parasitoid	Unfed
10/01/2018	Sa	48h	SaH	81	11,08573696	0,586372628	0,174897526	0	0	0	0	0,949762926	0	11,84700711	Parasitoid	Unfed
11/01/2018	Ap	24h	ApH	82	41,48721543	8,557934234	0,86188809	0,095046952	0	0	0,051569821	0,828995731	0,001861707	51,05365452	Parasitoid	Unfed
11/01/2018	Ap	24h	ApH	83	28,3727479	7,211912298	0,210612523	0,485446245	0	0	0,051917175	0,797330865	0,013361162	36,33263614	Parasitoid	Unfed
11/01/2018	Ap	24h	SaH	84	19,62286161	0,766940595	0,242454989	0,022973633	0	0	0	0,96238607	0,001112243	20,65523083	Parasitoid	Unfed
11/01/2018	Ap	24h	SaH	85	2,737547871	0,053919266	0,174243455	0	0	0	0	0,980684255	0	2,965710591	Parasitoid	Unfed
08/01/2018	Ap	24h	VfN	86	2,702275376	0,30241965	0,162238702	0	0	0	0,007110268	0,899350966	0	3,174043996	Parasitoid	Unfed
11/01/2018	Ap	24h	VfN	87	31,51403911	1,708525817	0,535289198	0	0	0	0	0,948573332	0	33,75785413	Parasitoid	Unfed
08/01/2018	Ap	24h	Unfed	88	3,174195952	0,416551799	0,753355909	0	0	0,016675978	0	0,883993021	0,003824082	4,360779639	Parasitoid	Unfed
09/01/2018	Ap	24h	Unfed	89	2,195257224	0,360986092	0,244360902	0	0	0,005147066	0	0,858782577	0,00183447	2,805751285	Parasitoid	Unfed
11/01/2018	Ap	24h	Unfed	90	3,897223632	0,283633907	0,267440879	0	0	0,003378793	0	0,932158916	0,000758993	4,45167721	Parasitoid	Unfed
11/01/2018	Ap	24h	Unfed	91	3,858228477	0	0,020255246	0	0	0	0,0217247	1	0	3,900208423	Parasitoid	Unfed
09/01/2018	Ap	12h	ApH	92	46,72509453	11,15753441	1,182745826	0,661742488	0	0	0	0,807238638	0,011079431	59,72711725	Parasitoid	Honeydew
09/01/2018	Ap	12h	ApH	93	12,0297307	2,366402357	0,906313704	0	0	0	0	0,835622361	0	15,30244676	Parasitoid	Honeydew
10/01/2018	Ap	12h	ApH	94	23,00818667	0,734610428	0,28784347	0	0	0	0,008113067	0,969059651	0	24,03875364	Parasitoid	Honeydew
09/01/2018	Ap	12h	SaH	95	18,68574464	0,470598946	0,637854209	0,093103137	0	0	0,021404133	0,97543378	0,004676504	19,90870506	Parasitoid	Honeydew
09/01/2018	Ap	12h	SaH	96	4,113444572	0,341283707	0,325667388	0	0	0,243314835	0,01782738	0,923388434	0,048262026	5,041537883	Parasitoid	Honeydew
10/01/2018	Ap	12h	SaH	97	6,818857934	0,575776218	0,415642846	0	0	0	0	0,922135943	0	7,810276998	Parasitoid	Honeydew
09/01/2018	Ap	12h	VfN	98	34,33288083	5,996309083	0,569860258	0	0	0,005019191	0,07159557	0,851315906	0,000122492	40,97566493	Parasitoid	Nectar
09/01/2018	Ap	12h	VfN	99	35,13940191	8,507860789	0,272812491	0,311635268	0	0	0	0,805076876	0,007045517	44,23171045	Parasitoid	Nectar
10/01/2018	Ap	12h	VfN	100	24,14924759	5,137093207	0,55311026	0	0	0	0,034011326	0,824590814	0	29,87346239	Parasitoid	Nectar
09/01/2018	Ap	12h	Unfed	101	4,228361346	0,528909308	0,468141108	0	0	0	0	0,88882085	0	5,225411762	Parasitoid	Unfed
10/01/2018	Ap	12h	Unfed	102	4,119101757	0,427341735	0,540705413	0	0	0	0	0,906005269	0	5,087148905	Parasitoid	Unfed
10/01/2018	Ap	12h	Unfed	103	32,79223303	5,572914771	0,887311446	0,399659095	0	0	0,042629179	0,854740172	0,010068312	39,69474752	Parasitoid	Unfed
11/01/2018	Ap	1h	ApH	104	30,048151	8,238474173	1,720081883	1,26067901	0	0	0,056020416	0,784821093	0,030507626	41,32340648	Parasitoid	Honeydew
11/01/2018	Ap	1h	ApH	105	23,46635178	4,875951354	1,308626686	1,482337479	0,720050577	0,029220389	0,043581211	0,827962063	0,069899145	31,92611948	Parasitoid	Honeydew
11/01/2018	Ap	1h	SaH	106	32,97739561	6,435443875	0,782721555	1,038020286	0	0,075571624	0,063038976	0,836717071	0,026916435	41,37219192	Parasitoid	Honeydew
11/01/2018	Ap	1h	SaH	107	12,09245065	0,324786561	0,684717618	0,048151072	0	0	0	0,973843895	0,003661649	13,1501059	Parasitoid	Honeydew
11/01/2018	Ap	1h	VfN	108	76,44720025	45,30645933	5,322177494	0,618589604	0	0,121929291	0	0,627884209	0,005793616	127,816356	Parasitoid	Nectar
11/01/2018	Ap	1h	VfN	109	86,44014267	43,11470868	2,075301918	1,429922017	0	0	0,10940079	0,667208844	0,010737611	133,1694761	Parasitoid	Nectar
11/01/2018	Ap	1h	Unfed	110	2,290172128	0,368283851	0,639046078	0	0	0,462482964	0	0,861467012	0,123001278	3,759985021	Parasitoid	Unfed
12/01/2018	Ap	1h	Unfed	111	25,59850868	0	0,747540314	1,736711136	0	0,005465902	0,036031335	1	0,061945708	28,12425737	Parasitoid	Unfed
12/01/2018	Sa	1h	ApH	112	36,99911904	2,585561801	1,224040447	0,264600985	0	0	0	0,934682768	0,006442162	41,07332227	Parasitoid	Honeydew
12/01/2018	Sa	1h	VfN	113	106,7283444	50,3989606	3,891045242	0,634632742	0	0	0,04814374	0,679247597	0,003924727	161,7011267	Parasitoid	Nectar
12/01/2018	Sa	1h	Unfed	114	6,233465608	0,450693445	0,290867472	0	0	0	0	0,932572902	0	6,975026526	Parasitoid	Unfed
12/01/2018	Sa	1h	Unfed	115	20,78065972	1,140945972	0,606578013	0	0	0	0	0,947953358	0	22,5281837	Parasitoid	Unfed
09/01/2018	Ap	0h	ApH	116	23,4050402	17,81413095	1,586030836	0,109580993	0	0	0,032393907	0,567819283	0,00255153	42,94717688	Parasitoid	Honeydew
09/01/2018	Ap	0h	ApH	117	33,52649041	6,518415758	1,192704425	0,290230671	0	0	0,085325491	0,837222349	0,006974491	41,61316675	Parasitoid	Honeydew
11/01/2018	Ap	0h	ApH	118	26,98579778	1,827690054	0,918971546	1,055880731	0	0	0,034552179	0,936568247	0,034256381	30,82289229	Parasitoid	Honeydew
11/01/2018	Ap	0h	ApH	119	68,10647473	40,64864159	5,617790383	5,34300254	5,811785953	0,128438563	0,296351751	0,626236972	0,089583203	125,9524855	Parasitoid	Honeydew
09/01/2018	Ap	0h	SaH	120	21,1441149	6,101025522	0,890167977	0,218467089	0	0,01295338	0,04504941	0,776069221	0,00814523	28,41177827	Parasitoid	Honeydew
09/01/2018	Ap	0h	SaH	121	3,755741418	0,54906599	0,622129037	0	0	0,036163823	0,011118636	0,872452833	0,007270252	4,974218903	Parasitoid	Honeydew
10/01/2018	Ap	0h	SaH	122	22,77644379	0,287785293	0,261181906	0,096808133	0	0,018662607	0,003218998	0,98752244	0,004925364	23,44410073	Parasitoid	Honeydew
10/01/2018	Ap	0h	SaH	123	18,5184184	0,006953675	0,35446995	0,128590945	0	0,01876711	0	0,99962464	0,0077446	19,02720008	Parasitoid	Honeydew
11/01/2018	Ap	0h	SaH	124	24,46997917	1,436406604	0,138845903	0,299077042	0	0,03747391	0	0,944553956	0,012756945	26,38178263	Parasitoid	Honeydew
09/01/2018	Ap	0h	VfN	125	77,95016099	51,95428135	1,017473551	0,629108612	0	0	0,225109433	0,600057701	0,004774071	131,7761339	Parasitoid	Nectar
09/01/2018	Ap	0h	VfN	126	27,3987243	9,691346609	0,754347809	0,430568287	0	0,03020937	0,043853458	0,73870779	0,01201536	38,34904983	Parasitoid	Nectar
11/01/2018	Ap	0h	VfN	127	21,36238229	5,852523358	0,572016412	0	0	0,361190316	0,07582006	0,784951547	0,012797307	28,22393244	Parasitoid	Nectar
12/01/2018	Ap	0h	VfN	128	115,0822006	73,58368305	5,819407461	1,32469499	0	0,026855749	0,147569515	0,60997886	0,006896216	195,9844113	Parasitoid	Nectar
09/01/2018	Ap	0h	Unfed	129	21,73391913	0,859275009	0,525322254	0	0	0,029222034	0,016167243	0,961967529	0,001261533	23,16390567	Parasitoid	Unfed
11/01/2018	Ap	0h	Unfed	130	33,89062651	5,296328962	0,716621126	0,778565833	0	0,035060478	0,070278495	0,864844592	0,019947942	40,7874814	Parasitoid	Unfed
11/01/2018	Ap	0h	Unfed	131	3,864948464	0,72906898	0,194948504	0	0	0,058134842	0,017187095	0,841300346	0,011951357	4,864287886	Parasitoid	Unfed
12/01/2018	Sa	0h	ApH	132	31,6670433	21,03410292	3,620822532	1,537768262	6,377478733	0,142565043	0,113868954	0,600879593	0,124939619	64,49364974	Parasitoid	Honeydew
12/01/2018	Sa	0h	SaH	133	24,47127492	0,679368605	0,544457702	0	0	0,058010696	0,04771095	0,972988023	0,002248405	25,80082288	Parasitoid	Honeydew
12/01/2018	Sa	0h	VfN	134	82,85048765	47,66360364	4,741539971	0,964034466	1,066545561	0,056408509	0,089422713	0,634801092	0,015185604	137,4320425	Parasitoid	Nectar
12/01/2018	Sa	0h	Unfed	135	10,01928356	0,09579911	0,268247436	0	0	0,103482534	0,013104212	0,990529083	0,009855557	10,49991686	Parasitoid	Unfed
07/02/2018	Ap	12h	ApH	136	23,43057699	1,025978064	0,891790415	1,585372395	0	0	0,019981512	0,958048954	0,05881836	26,95369937	Parasitoid	Honeydew
07/02/2018	Ap	48h	ApH	137	7,594692466	0,122695782	0,307698509	0	0	0	0,010896193	0,984101385	0	8,035982949	Parasitoid	Unfed
13/02/2018	Ap	48h	SaH	138	4,057106478	0,37270219	0,130476541	0	0	0	0,002629266	0,915864946	0	4,562914474	Parasitoid	Unfed
07/02/2018	Ap	48h	VfN	139	95,87551265	34,00906753	2,300830017	5,789250976	0	0	0,143609411	0,738159314	0,041915171	138,1182706	Parasitoid	Unfed
20/02/2018	Ap	48h	VfN	140	67,50815506	25,7943584	5,079741365	2,142625458	0	0	0,064649482	0,723540584	0,021300681	100,5895298	Parasitoid	Unfed
20/02/2018	Ap	48h	VfN	141	1,677109839	0,193966407	0,650169788	0	0	0	0,023204462	0,896334312	0	2,544450496	Parasitoid	Unfed
13/02/2018	Ap	48h	Unfed	142	2,758560173	0,425621282	0,533025179	0	0	0	0,043433297	0,866332592	0	3,760639931	Parasitoid	Unfed
07/02/2018	Sa	48h	ApH	144	1,896097195	0,369889427	0,527969336	0	0	0	0	0,836764514	0	2,793955957	Parasitoid	Unfed
07/02/2018	Sa	48h	ApH	145	12,60144356	1,741168961	0,58618973	0	0	0	0	0,878601687	0	14,92880225	Parasitoid	Unfed
20/02/2018	Sa	48h	SaH	146	2,421145893	0,198076036	0,226955276	0	0	0	0	0,924376001	0	2,846177205	Parasitoid	Unfed
20/02/2018	Sa	48h	SaH	147	3,521263798	0,220796149	0,274780966	0	0	0	0	0,940996095	0	4,016840913	Parasitoid	Unfed
20/02/2018	Sa	48h	VfN	148	1,89996085	0,343471156	0,334259423	0	0	0	0	0,846899235	0	2,577691429	Parasitoid	Unfed
07/02/2018	Sa	48h	Unfed	149	3,330917141	0,707372352	0,856331156	0	0	0	0	0,824833669	0	4,89462065	Parasitoid	Unfed
08/02/2018	Ap	24h	VfN	150	12,25169604	0,647034311	0,399068896	0	0	0,039590312	0,021496253	0,949837364	0,002963594	13,35888581	Parasitoid	Unfed
08/02/2018	Sa	24h	ApH	151	44,08230606	7,023628582	1,611945848	2,071801527	0	0	0,042802394	0,862567261	0,037784199	54,83248441	Parasitoid	Unfed
14/02/2018	Sa	24h	ApH	152	9,41622963	0,880587608	0,690288753	0	0	0	0	0,914479631	0	10,98710599	Parasitoid	Unfed
08/02/2018	Sa	24h	SaH	153	23,65676842	1,74325852	0,889234796	0,601967627	0	0	0,004253874	0,931367848	0,022381737	26,89548323	Parasitoid	Unfed
08/02/2018	Sa	24h	SaH	154	9,00400147	0,477501903	2,272622832	0	0	0	0,00344516	0,949638587	0	11,75757136	Parasitoid	Unfed
20/02/2018	Sa	24h	SaH	155	2,550610444	0,566938677	0,658994881	0	0	0	0,040025009	0,818146032	0	3,816569011	Parasitoid	Unfed
14/02/2018	Sa	24h	VfN	156	60,50314383	25,35753308	1,521631946	1,107570283	0	0	0	0,704666513	0,01251635	88,48987914	Parasitoid	Unfed
14/02/2018	Sa	24h	VfN	157	75,20500453	19,23474779	1,094515417	1,629285764	0	0	0,055823542	0,796327846	0,016758858	97,21937704	Parasitoid	Unfed
14/02/2018	Sa	24h	VfN	158	137,8219296	59,55782109	14,18469728	3,937335187	0	0	0,111350178	0,698257694	0,01826111	215,6131334	Parasitoid	Unfed
08/02/2018	Sa	24h	Unfed	159	2,534682814	0,137368176	0,297568574	0	0	0	0	0,948590736	0	2,969619563	Parasitoid	Unfed
08/02/2018	Sa	24h	Unfed	160	1,128615876	0,307178781	0,390510918	0	0	0	0	0,786056607	0	1,826305575	Parasitoid	Unfed
15/02/2018	Ap	12h	ApH	161	28,64758941	1,564987188	0,6267039	0,123066181	0	0,047091511	0,009432467	0,948200804	0,005485619	31,01887066	Parasitoid	Honeydew
15/02/2018	Ap	12h	ApH	162	34,82261074	4,896309543	0,771485551	0,565206749	0	0	0,026713666	0,876726016	0,013757905	41,08232625	Parasitoid	Honeydew
07/02/2018	Ap	12h	SaH	163	36,53015754	1,847920741	2,313583661	1,68753263	0	0	0,024353242	0,951849576	0,039796968	42,40354781	Parasitoid	Honeydew
07/02/2018	Ap	12h	SaH	164	36,22822077	1,475443785	0,340442279	0	0	0	0,017751406	0,960867364	0	38,06185824	Parasitoid	Honeydew
15/02/2018	Sa	12h	VfN	165	77,703872	26,36412635	10,33426678	2,122804068	0	0	0,036517794	0,746664424	0,018211867	116,561587	Parasitoid	Nectar
15/02/2018	Ap	12h	VfN	166	13,3704717	1,005694687	0,29529863	0	0	0	0,007184064	0,930044307	0	14,67864908	Parasitoid	Nectar
07/02/2018	Ap	12h	Unfed	167	13,08940754	1,160721884	0,606894749	0	0	0	0,064284697	0,918546573	0	14,92130888	Parasitoid	Unfed
07/02/2018	Ap	12h	Unfed	168	30,69035684	1,777468582	0,339496044	0,612683006	0	0	0	0,945254462	0,018332822	33,42000448	Parasitoid	Unfed
15/02/2018	Sa	12h	SaH	169	44,06048354	7,303139234	1,885627202	2,475313015	0	0	0,160493744	0,857814951	0,044292932	55,88505674	Parasitoid	Honeydew
09/02/2018	Sa	1h	ApH	170	17,65821182	3,273442265	0,869002011	0	0	0	0,029776552	0,843612824	0	21,83043265	Parasitoid	Honeydew
09/02/2018	Sa	1h	SaH	171	27,245106	2,034023544	0,562702866	0,407559173	0	0	0,01080838	0,930529918	0,013468489	30,26019997	Parasitoid	Honeydew
09/02/2018	Sa	1h	Unfed	172	9,753536153	1,441130165	0,426323634	0	0	0	0,059530632	0,871266358	0	11,68052058	Parasitoid	Unfed
09/02/2018	Sa	0h	ApH	173	35,74083357	14,83629386	8,129454316	0,973453686	4,808577514	0	0,007883628	0,706660014	0,089648764	64,49649657	Parasitoid	Honeydew
09/02/2018	Sa	0h	SaH	174	3,001396893	0,733044242	0,433307477	0	0	0	0	0,80370711	0	4,167748613	Parasitoid	Honeydew
09/02/2018	Sa	0h	VfN	175	131,0681568	66,18605428	5,290508606	4,270702668	0	0	0,050002135	0,664463162	0,020644836	206,8654245	Parasitoid	Nectar
09/02/2018	Sa	0h	Unfed	176	63,7763864	11,00597543	1,617611965	4,449515836	0	0	0,176781224	0,852826587	0,054914484	81,02627085	Parasitoid	Unfed
07/03/2018	Sa	48h	ApH	177	1,826031115	0,463873396	1,369658055	0	0	0	0	0,797426751	0	3,659562566	Parasitoid	Unfed
07/03/2018	Sa	48h	SaH	178	15,62070296	1,255220077	0,368837539	0	0	0	0	0,925620656	0	17,24476058	Parasitoid	Unfed
07/03/2018	Sa	48h	SaH	179	1,494935419	0,586539649	1,373027224	0	0	0	0	0,718209621	0	3,454502292	Parasitoid	Unfed
06/03/2018	Sa	12h	ApH	180	34,68952844	13,02829437	8,469746031	1,797569547	6,165458306	0	0	0,726972154	0,124130223	64,15059669	Parasitoid	Honeydew
06/03/2018	Sa	12h	ApH	181	28,93909349	1,731821072	0,777210252	0,843930111	0	0	0,019585187	0,943535395	0,026118455	32,31164012	Parasitoid	Honeydew
06/03/2018	Sa	12h	ApH	182	34,40133337	15,26721266	3,796973851	1,226399218	3,744693888	0	0,01808027	0,692618088	0,085041813	58,45469326	Parasitoid	Honeydew
06/03/2018	Sa	12h	ApH	183	54,90055193	8,977787093	0	1,434302515	0,510881962	0	0,111566362	0,859454907	0,029501506	65,93508986	Parasitoid	Honeydew
06/03/2018	Sa	12h	ApH	184	13,20408673	0,911520456	0,717790134	0	0	0	0,015777237	0,935424637	0	14,84917455	Parasitoid	Honeydew
06/03/2018	Sa	12h	SaH	185	13,45410143	0	1,286406583	0	0	0	0,063756971	1	0	14,80426499	Parasitoid	Honeydew
06/03/2018	Sa	12h	SaH	186	47,19172468	7,608837797	2,686321554	1,208032352	0	0	0,004014003	0,86115402	0,020580143	58,69893038	Parasitoid	Honeydew
06/03/2018	Sa	12h	SaH	187	34,65717774	3,204722945	0,411877036	0,709374146	0	0	0,043885099	0,915357579	0,01817648	39,02703697	Parasitoid	Honeydew
06/03/2018	Sa	12h	SaH	188	36,75751476	1,202472844	0,736690633	0	0	0	0,036400158	0,968322623	0	38,7330784	Parasitoid	Honeydew
06/03/2018	Sa	12h	VfN	189	95,10780561	25,87279943	1,547196902	2,588549821	0	0	0,066561097	0,786140932	0,02067814	125,1829129	Parasitoid	Nectar
06/03/2018	Sa	12h	VfN	190	108,3313393	49,75133259	1,22398206	1,825420857	0	0	0,128910522	0,685282821	0,011319668	161,2609854	Parasitoid	Nectar
06/03/2018	Sa	12h	VfN	191	99,41130037	50,87860596	1,859437601	2,065739845	0	0	0,177544188	0,661463586	0,013379783	154,392628	Parasitoid	Nectar
06/03/2018	Sa	12h	VfN	192	119,4332754	61,87155785	8,134571461	2,214528108	0	0,006823061	0,107364556	0,658742921	0,011583527	191,7681204	Parasitoid	Nectar
06/03/2018	Sa	12h	VfN	193	22,90483806	1,716812174	0,891706849	0,147904689	0	0	0,010111721	0,930272254	0,005761464	25,67137349	Parasitoid	Nectar
06/03/2018	Sa	12h	Unfed	194	20,96357119	1,14181096	0,64445795	0	0	0	0,019307356	0,948346925	0	22,76914746	Parasitoid	Unfed
06/03/2018	Sa	12h	Unfed	195	11,73421562	0,823017939	0,606027827	0	0	0	0	0,934458658	0	13,16326139	Parasitoid	Unfed
06/03/2018	Sa	12h	Unfed	196	25,98525868	0,823158805	0,303801863	1,250284292	0	0	0	0,969294763	0,044082296	28,36250364	Parasitoid	Unfed
06/03/2018	Sa	12h	Unfed	197	27,70501043	0,791469271	0,625684088	0,265732508	0	0	0	0,972225718	0,009042243	29,38789629	Parasitoid	Unfed
13/02/2018	Ap	48h	ApH	199	2,841809704	0,66977672	0,203071233	0	0	0	0	0,809266628	0	3,714657658	Parasitoid	Unfed
07/03/2018	Sa	48h	Unfed	200	1,122308683	0,359722288	0,045326181	0	0	0	0	0,757277482	0	1,527357152	Parasitoid	Unfed
07/03/2018	Sa	48h	Unfed	201	1,291921236	0,21938117	0,023738605	0	0	0	0	0,854839661	0	1,535041011	Parasitoid	Unfed
13/12/2017	Ap	0h	Unfed	15a	31,83096713	13,45465336	1,115444708	4,210071614	3,96247247	0	0,41522482	0,702893474	0,148621883	54,9888341	Parasitoid	Unfed
13/12/2017	Ap	0h	Unfed	16a	33,50232886	15,82554503	2,006812695	4,96292797	4,852968546	0,18251554	0,454373847	0,679176421	0,161819405	61,78747249	Parasitoid	Unfed
21/02/2019	Sa	0h	VsN	1b	76,98268659	50,04028708	51,47869945	8,689679784	4,68110212	1,664269381	0	0,606053255	0,077685779	193,5367244	Parasitoid	Nectar
21/02/2019	Sa	0h	VsN	2b	84,61207817	60,692996	28,06600806	12,23222822	4,382400128	1,285709527	0,920869431	0,582306424	0,093137648	192,1922895	Parasitoid	Nectar
21/02/2019	Sa	0h	VsN	3b	64,93401224	37,61354462	4,681230983	10,84697513	0,922416919	1,013915412	0	0,633208769	0,106516826	120,0120953	Parasitoid	Nectar
21/02/2019	Sa	0h	VsN	4b	87,70313305	44,38427861	90,92489348	8,88874323	0,091794761	0	0	0,663977982	0,03871041	231,9928431	Parasitoid	Nectar
21/02/2019	Sa	0h	VsN	5b	82,74266337	49,7258503	69,02855137	9,516098974	5,075938788	1,835972837	0	0,624621362	0,075383755	217,9250756	Parasitoid	Nectar
21/02/2019	Sa	0h	VsN	6b	65,47648452	39,55711295	36,38042866	9,914378808	2,117489249	0,578113792	0	0,623386098	0,081870236	154,024008	Parasitoid	Nectar
21/02/2019	Sa	0h	VsN	7b	84,57605785	47,80721687	92,71231119	10,82658348	3,630590775	1,684395434	0	0,638872683	0,066911623	241,2371556	Parasitoid	Nectar
22/02/2019	Sa	0h	VsN	8b	82,5830114	43,95909866	56,29378894	8,114030315	2,520201295	1,234998939	0	0,652612884	0,06096003	194,7051295	Parasitoid	Nectar
22/02/2019	Sa	0h	VsN	9b	96,571187	64,73255285	84,7946416	11,77398344	3,296031157	1,888059102	1,294236716	0,598691556	0,064149912	264,3506919	Parasitoid	Nectar
22/02/2019	Sa	0h	VsN	10b	108,6093824	74,01787245	88,67912622	9,558351752	2,099439942	1,123057935	0	0,594705224	0,044989173	284,0872307	Parasitoid	Nectar
22/02/2019	Ap	0h	VsN	11b	75,53467303	53,34901069	24,16267357	7,466667019	4,608827273	2,368270404	0,945124484	0,586068545	0,085752626	168,4352465	Parasitoid	Nectar
22/02/2019	Ap	0h	VsN	12b	71,87379667	46,95928095	95,96363713	3,965310447	1,047453705	0,319025416	0	0,604829885	0,024221259	220,1285043	Parasitoid	Nectar
24/02/2019	Ap	0h	VsN	13b	85,50240391	53,11256625	41,59812026	9,501293915	5,922588933	1,289529906	0	0,616833837	0,084871322	196,9265032	Parasitoid	Nectar
24/02/2019	Ap	0h	VsN	14b	73,4409319	42,85145671	26,73740908	4,721184329	1,929041823	1,044377188	0	0,631519679	0,051050814	150,724401	Parasitoid	Nectar
27/02/2019	Ap	0h	VsN	15b	68,24427177	37,25162257	57,94080355	6,543214142	2,627389558	1,301980198	0,721675405	0,64689031	0,059969802	174,6309572	Parasitoid	Nectar
28/02/2019	Ap	0h	VsN	16b	47,29088943	27,60386639	10,46081991	3,454754892	1,661478179	1,013876409	0,790549229	0,631431252	0,066432159	92,27623443	Parasitoid	Nectar
04/03/2019	Ap	0h	VsN	17b	58,40930702	30,17465852	77,09855239	4,523995685	1,144528336	0,486548016	0	0,659366587	0,035819125	171,83759	Parasitoid	Nectar
04/03/2019	Ap	0h	VsN	18b	54,80037873	29,41170502	67,38667374	3,434556945	1,200407021	0,424506635	0	0,650742462	0,032296233	156,6582281	Parasitoid	Nectar
04/03/2019	Ap	0h	VsN	19b	97,97870849	61,86704138	181,4283791	5,136426544	1,129514243	0,275066731	0	0,612957858	0,018805989	347,8151365	Parasitoid	Nectar
04/03/2019	Ap	0h	VsN	20b	42,58526939	31,91277836	42,60796323	3,725549825	1,84819537	0,775634497	0,593001646	0,571629334	0,0511847	124,0483923	Parasitoid	Nectar
22/12/2017	NA	NA	VfN	1	250,5089969	172,8467917	27,328265	0	0	0	0	0	0	450,6840535	Food_source	NA
22/12/2017	NA	NA	VfN	3	204,1146206	152,8198999	31,1023622	0	0	0	0	0	0	388,0368827	Food_source	NA
06/04/2018	NA	NA	VfN	4	874,4630774	664,9021777	127,6255379	0	0	0	0	0	0	1666,990793	Food_source	NA
12/04/2018	NA	NA	VfN	5	439,1291556	284,5898506	80,14589432	0	0	0	0	0	0	803,8649006	Food_source	NA
12/04/2018	NA	NA	VfN	6	257,0903207	192,9034854	22,26808082	0	0	0	0	0	0	472,2618869	Food_source	NA
13/04/2018	NA	NA	VfN	7	365,916446	241,6008651	30,39465054	0	0	0	0	0	0	637,9119616	Food_source	NA
13/04/2018	NA	NA	VfN	8	104,2659606	48,38304079	31,64243093	0	0	0	0	0	0	184,2914323	Food_source	NA
26/03/2018	NA	NA	VfN	9	765,6957929	465,4101494	1241,701461	0	0	0	0	0	0	2472,807403	Food_source	NA
16/04/2018	NA	NA	VfN	10	355,913504	208,1174873	25,6914783	0	0	0	0	0	0	589,7224696	Food_source	NA
16/04/2018	NA	NA	VfN	11	450,912033	313,2827038	47,51163795	0	0	0	0	0	0	811,7063747	Food_source	NA
20/04/2018	NA	NA	VfN	12	304,9132098	204,4711563	93,74350114	0	0	0	0	0	0	603,1278672	Food_source	NA
20/04/2018	NA	NA	VfN	13	527,9641071	364,6331037	115,2117227	0	0	0	0	0	0	1007,808933	Food_source	NA
22/12/2017	NA	NA	SaH	1	12,01645298	1,576155972	0	0	0	0	0	0	0	13,59260895	Food_source	NA
22/12/2017	NA	NA	SaH	2	3,033346173	5,923657279	0	0	0	0	0	0	0	8,957003452	Food_source	NA
22/12/2017	NA	NA	SaH	3	3,005832829	3,645327557	0	0	0	0	0	0	0	6,651160386	Food_source	NA
29/03/2018	NA	NA	SaH	4	8,013621595	1,484249047	0	0	0	0	0	0	0	9,497870641	Food_source	NA
29/03/2018	NA	NA	SaH	5	21,52586853	1,241139289	0	0	0	0	0	0	0	22,76700782	Food_source	NA
29/03/2018	NA	NA	SaH	6	18,21419645	15,32870998	64,36810911	0	0	0	0	0	0	97,91101554	Food_source	NA
29/03/2018	NA	NA	SaH	7	23,66595851	12,33462139	28,9656491	0	0	0	0	0	0	64,966229	Food_source	NA
29/03/2018	NA	NA	SaH	8	18,82341915	8,751951276	0	0	0	0	0	0	0	27,57537042	Food_source	NA
30/03/2018	NA	NA	SaH	9	4,811297176	2,469483328	0	0	0	0	0	0	0	7,280780503	Food_source	NA
30/03/2018	NA	NA	SaH	10	24,80629843	21,24011567	0	0	0	0	0	0	0	46,04641409	Food_source	NA
30/03/2018	NA	NA	SaH	11	17,57373157	12,52655014	0	0	0	0	0	0	0	30,10028171	Food_source	NA
03/04/2018	NA	NA	SaH	12	10,15371157	11,64367787	0	0	0	0	0	0	0	21,79738944	Food_source	NA
03/04/2018	NA	NA	SaH	13	9,700699825	14,80410472	73,48161366	0	0	0	0	0	0	97,98641821	Food_source	NA
03/04/2018	NA	NA	SaH	14	20,82291927	25,29621005	30,20839972	0	0	0	0	0	0	76,32752904	Food_source	NA
03/04/2018	NA	NA	SaH	15	7,716820795	7,459630985	0	0	0	0	0	0	0	15,17645178	Food_source	NA
22/12/2017	NA	NA	ApH	1	92,53251236	33,04662743	13,23774252	0	0	0	0	0	0	138,8168823	Food_source	NA
22/12/2017	NA	NA	ApH	2	227,5450755	91,18002113	87,13261527	0	0	0	0	0	0	405,8577119	Food_source	NA
22/12/2017	NA	NA	ApH	3	105,5687008	88,32449391	156,1498778	0	0	0	0	0	0	350,0430725	Food_source	NA
29/03/2018	NA	NA	ApH	4	13,09047738	1,932082811	0	0	0	0	0	0	0	15,02256019	Food_source	NA
29/03/2018	NA	NA	ApH	5	5,623594101	1,26672979	0	0	0	0	0	0	0	6,890323891	Food_source	NA
29/03/2018	NA	NA	ApH	6	36,92826793	12,19387363	0	0	0	0	0	0	0	49,12214157	Food_source	NA
29/03/2018	NA	NA	ApH	7	21,79142714	7,203725977	0	0	0	0	0	0	0	28,99515312	Food_source	NA
29/03/2018	NA	NA	ApH	8	42,02074481	13,67812268	0	0	0	0	0	0	0	55,69886749	Food_source	NA
30/03/2018	NA	NA	ApH	9	33,31979505	6,67912071	0	0	0	0	0	0	0	39,99891576	Food_source	NA
30/03/2018	NA	NA	ApH	10	29,69570107	7,446835735	0	0	0	0	0	0	0	37,14253681	Food_source	NA
30/03/2018	NA	NA	ApH	11	27,07135716	6,589553958	0	0	0	0	0	0	0	33,66091112	Food_source	NA
12/04/2018	NA	NA	ApH	12	17,00500147	5,331187447	0	0	0	0	0	0	0	22,33618892	Food_source	NA
12/04/2018	NA	NA	ApH	13	23,6834363	6,689131419	0	0	0	0	0	0	0	30,37256772	Food_source	NA
12/04/2018	NA	NA	ApH	14	25,55163283	8,336267163	0	0	0	0	0	0	0	33,8879	Food_source	NA
12/04/2018	NA	NA	ApH	15	83,92174169	52,77121159	91,53588968	0	0	0	0	0	0	228,228843	Food_source	NA
07/08/2018	NA	NA	AfH	1	10,20550601	26,62768731	0	0	0	103,9284886	0	0	0	140,7616819	Food_source	NA
07/08/2018	NA	NA	AfH	2	24,3039938	42,27923716	0	0	0	44,14333187	0	0	0	110,7265628	Food_source	NA
07/08/2018	NA	NA	AfH	3	16,81271811	37,76213444	0	0	0	25,88423195	0	0	0	80,45908449	Food_source	NA
07/08/2018	NA	NA	AfH	4	12,70259791	23,79922112	0	0	0	24,77137484	0	0	0	61,27319386	Food_source	NA
07/08/2018	NA	NA	AfH	5	24,04032571	51,65116991	0	0	0	38,51722095	0	0	0	114,2087166	Food_source	NA
07/08/2018	NA	NA	AfH	6	29,59286545	53,62476385	0	0	0	84,02071151	0	0	0	167,2383408	Food_source	NA
08/08/2018	NA	NA	AfH	7	11,01202016	32,33738958	0	0	0	188,299544	0	0	0	231,6489538	Food_source	NA
08/08/2018	NA	NA	AfH	8	27,90228771	29,34005974	0	0	0	0	0	0	0	57,24234744	Food_source	NA
24/02/2019	NA	NA	VsN	1	0	382,9137798	0	0	0	0	0	0	0	382,9137798	Food_source	NA
24/02/2019	NA	NA	VsN	2	333,6857822	207,6551539	268,103647	0	0	0	0	0	0	809,4445831	Food_source	NA
28/02/2019	NA	NA	VsN	3	175,7801403	145,6976613	448,7641188	0	0	0	0	0	0	770,2419204	Food_source	NA
28/02/2019	NA	NA	VsN	4	157,4100775	133,7050494	398,2481134	0	0	0	0	0	0	689,3632403	Food_source	NA
04/03/2019	NA	NA	VsN	5	105,034038	95,4466229	313,4954975	0	0	0	0	0	0	513,9761584	Food_source	NA
04/03/2019	NA	NA	VsN	6	159,8964441	108,4971514	418,4877697	0	0	0	0	0	0	686,8813652	Food_source	NA
04/03/2019	NA	NA	VsN	7	191,5613058	171,9548044	460,4937479	0	0	0	0	0	0	824,0098581	Food_source	NA
04/03/2019	NA	NA	VsN	8	244,005699	205,3051916	769,4394794	0	0	0	0	0	0	1218,75037	Food_source	NA
06/03/2019	NA	NA	VsN	9	237,8282314	158,0804884	881,8534628	0	0	0	0	0	0	1277,762183	Food_source	NA
06/03/2019	NA	NA	VsN	10	417,0004251	256,1892457	1233,077252	0	0	0	0	0	0	1906,266922	Food_source	NA
07/03/2019	NA	NA	VsN	11	235,0257288	199,3739215	627,0363414	0	0	0	0	0	0	1061,435992	Food_source	NA
07/03/2019	NA	NA	VsN	12	256,0872193	181,1031816	683,8403954	0	0	0	0	0	0	1121,030796	Food_source	NA
